//Pattern Minimum
//0,0.4,1
//-20,-18,-16,-14,-12,-10,-8,-6,-4,-2,0,2,4,6,8,10,12,14,16,18,20
//%P

Pattern Pass
0,0.4,1
-69,-66,-63,-60,-57,-54,-51,-48,-45,-42,-39,-36,-33,-30,-27,-24,-21,-18,-15,-12,-9,-6,-3,0,3,6,9,12,15,18,21,24,27,30,33,36,39,42,45,48,51,54,57,60,63,66,69
%P

Pattern Blanket
2,0.4,1
-20,-19,-18,-17,-16,-15,-14,-13,-12,-11,-10,-9,-8,-7,-6,-5,-4,-3,-2,-1,1,2,3,4,5,6,7,8,9,10,11,12,13,14,15,16,17,18,19,20																					
%P

Pattern Homing
1,0.5,0.5
-70,-50,-10,10,50,70
-60,-40,0,40,60
%P
