0,0.5,-25,-15,-5,0,5,15,25
0,0.5,-17.5,-12.5,-2.5,2.5,-12.5,-17.5
0,0.5,-7.5,-2.5,2.5,7.5
0,0.5,-30,-20,-10,0,10,20,30
0,0.5,-15,-10,-5,5,10,15
0,0.5,-5,0,5,10,15
0,0.5,-15,-10,-5,0,5
1,0.5,0
1,0.5,-5,5
1,0.5,-20,0,20
0,0.5,-30,-25,-20,-5,0,5,20,25,30
0,0.5,-27.5,-22.5,-17.5,-12.5,0,12.5,17.5,22.5,27.5
0,0.5,-17.5,-12.5,-7.5,-2.5
0,0.5,2.5,7.5,12.5,17.5
0,0.5,-22.5,-17.5,-12.5,-7.5,7.5,12.5,17.5,22.5
0,0.5,-27.5,-17.5,-7.5,7.5,17.5,27.5
0,0.5,-20,-15,-2.5,2.5,15,20
0,0.5,-22.5,-17.5,-7.5,-2.5,7.5,12.5,22.5,27.5
0,0.5,-27.5,-22.5,-12.5,-7.5,2.5,7.5,17.5,22.5
0,0.5,-30,-25,-20,0,20,25,30